MKCY	0.0000	0.0000	0.0000	0.0000	145.7000	110.9000
DRIFT_0	0.0000	0.4000	0.8000	0.8000	145.7000	110.9000
MB	0.8000	2.6825	4.5650	3.7650	145.7000	110.9000
DRIFT_1	4.5650	4.9650	5.3650	0.8000	145.7000	110.9000
MB	5.3650	7.2475	9.1300	3.7650	145.7000	110.9000
DRIFT_2	9.1300	9.6800	10.2300	1.1000	58.0000	58.0000
PS2.VK19	10.2300	10.3300	10.4300	0.2000	58.0000	58.0000
PS2.QH2F	10.4300	10.9800	11.5300	1.1000	58.0000	58.0000
DRIFT_3	11.5300	11.5650	11.6000	0.0700	58.0000	58.0000
PS2.BPM19	11.6000	11.6300	11.6600	0.0600	58.0000	58.0000
DRIFT_4	11.6600	12.2450	12.8300	1.1700	58.0000	58.0000
MB	12.8300	14.7125	16.5950	3.7650	145.7000	110.9000
DRIFT_5	16.5950	16.9950	17.3950	0.8000	145.7000	110.9000
MB	17.3950	19.2775	21.1600	3.7650	145.7000	110.9000
DRIFT_6	21.1600	21.7100	22.2600	1.1000	69.0000	69.0000
PS2.HK49	22.2600	22.3600	22.4600	0.2000	69.0000	69.0000
PS2.QH3F	22.4600	23.6600	24.8600	2.4000	69.0000	69.0000
DRIFT_3	24.8600	24.8950	24.9300	0.0700	69.0000	69.0000
PS2.BPM49	24.9300	24.9600	24.9900	0.0600	69.0000	69.0000
DRIFT_3	24.9900	25.0250	25.0600	0.0700	69.0000	69.0000
SX1	25.0600	25.2100	25.3600	0.3000	69.0000	69.0000
DRIFT_7	25.3600	25.6600	25.9600	0.6000	69.0000	69.0000
PS2.VK79	25.9600	26.0600	26.1600	0.2000	50.0000	50.0000
PS2.QH4F	26.1600	26.8600	27.5600	1.4000	50.0000	50.0000
DRIFT_3	27.5600	27.5950	27.6300	0.0700	50.0000	50.0000
PS2.BPM79	27.6300	27.6600	27.6900	0.0600	50.0000	50.0000
DRIFT_3	27.6900	27.7250	27.7600	0.0700	50.0000	50.0000
SY2	27.7600	27.9100	28.0600	0.3000	50.0000	50.0000
DRIFT_8	28.0600	28.4600	28.8600	0.8000	50.0000	50.0000
MB	28.8600	30.7425	32.6250	3.7650	145.7000	110.9000
DRIFT_9	32.6250	33.0250	33.4250	0.8000	50.0000	50.0000
SY2	33.4250	33.5750	33.7250	0.3000	50.0000	50.0000
PS2.VK80	33.7250	33.8250	33.9250	0.2000	50.0000	50.0000
PS2.QH4F	33.9250	34.6250	35.3250	1.4000	50.0000	50.0000
DRIFT_3	35.3250	35.3600	35.3950	0.0700	50.0000	50.0000
PS2.BPM80	35.3950	35.4250	35.4550	0.0600	50.0000	50.0000
DRIFT_10	35.4550	35.7900	36.1250	0.6700	69.0000	69.0000
SX1	36.1250	36.2750	36.4250	0.3000	69.0000	69.0000
PS2.HK50	36.4250	36.5250	36.6250	0.2000	69.0000	69.0000
PS2.QH3F	36.6250	37.8250	39.0250	2.4000	69.0000	69.0000
DRIFT_3	39.0250	39.0600	39.0950	0.0700	69.0000	69.0000
PS2.BPM50	39.0950	39.1250	39.1550	0.0600	69.0000	69.0000
DRIFT_4	39.1550	39.7400	40.3250	1.1700	69.0000	69.0000
MB	40.3250	42.2075	44.0900	3.7650	145.7000	110.9000
DRIFT_5	44.0900	44.4900	44.8900	0.8000	145.7000	110.9000
MB	44.8900	46.7725	48.6550	3.7650	145.7000	110.9000
DRIFT_6	48.6550	49.2050	49.7550	1.1000	58.0000	58.0000
PS2.VK20	49.7550	49.8550	49.9550	0.2000	58.0000	58.0000
PS2.QH2F	49.9550	50.5050	51.0550	1.1000	58.0000	58.0000
DRIFT_3	51.0550	51.0900	51.1250	0.0700	58.0000	58.0000
PS2.BPM20	51.1250	51.1550	51.1850	0.0600	58.0000	58.0000
DRIFT_4	51.1850	51.7700	52.3550	1.1700	58.0000	58.0000
MB	52.3550	54.2375	56.1200	3.7650	145.7000	110.9000
DRIFT_5	56.1200	56.5200	56.9200	0.8000	145.7000	110.9000
MB	56.9200	58.8026	60.6851	3.7650	145.7000	110.9000
DRIFT_11	60.6851	61.2351	61.7851	1.1000	58.0000	58.0000
PS2.HK1	61.7851	61.8851	61.9851	0.2000	58.0000	58.0000
PS2.QH1F	61.9851	62.5351	63.0851	1.1000	58.0000	58.0000
DRIFT_3	63.0851	63.1201	63.1551	0.0700	58.0000	58.0000
PS2.BPM1	63.1551	63.1851	63.2151	0.0600	58.0000	58.0000
DRIFT_12	63.2151	63.8001	64.3851	1.1700	58.0000	58.0000
MB	64.3851	66.2676	68.1501	3.7650	145.7000	110.9000
DRIFT_5	68.1501	68.5501	68.9501	0.8000	145.7000	110.9000
MB	68.9501	70.8326	72.7151	3.7650	145.7000	110.9000
DRIFT_11	72.7151	73.2651	73.8151	1.1000	58.0000	58.0000
PS2.VK21	73.8151	73.9151	74.0151	0.2000	58.0000	58.0000
PS2.QH2F	74.0151	74.5651	75.1151	1.1000	58.0000	58.0000
DRIFT_3	75.1151	75.1501	75.1851	0.0700	58.0000	58.0000
PS2.BPM21	75.1851	75.2151	75.2451	0.0600	58.0000	58.0000
DRIFT_12	75.2451	75.8301	76.4151	1.1700	58.0000	58.0000
MB	76.4151	78.2976	80.1801	3.7650	145.7000	110.9000
DRIFT_5	80.1801	80.5801	80.9801	0.8000	145.7000	110.9000
MB	80.9801	82.8626	84.7451	3.7650	145.7000	110.9000
DRIFT_11	84.7451	85.2951	85.8451	1.1000	69.0000	69.0000
PS2.HK51	85.8451	85.9451	86.0451	0.2000	69.0000	69.0000
PS2.QH3F	86.0451	87.2451	88.4451	2.4000	69.0000	69.0000
DRIFT_3	88.4451	88.4801	88.5151	0.0700	69.0000	69.0000
PS2.BPM51	88.5151	88.5451	88.5751	0.0600	69.0000	69.0000
DRIFT_3	88.5751	88.6101	88.6451	0.0700	69.0000	69.0000
SX1	88.6451	88.7951	88.9451	0.3000	69.0000	69.0000
DRIFT_7	88.9451	89.2451	89.5451	0.6000	69.0000	69.0000
PS2.VK81	89.5451	89.6451	89.7451	0.2000	50.0000	50.0000
PS2.QH4F	89.7451	90.4451	91.1451	1.4000	50.0000	50.0000
DRIFT_3	91.1451	91.1801	91.2151	0.0700	50.0000	50.0000
PS2.BPM81	91.2151	91.2451	91.2751	0.0600	50.0000	50.0000
DRIFT_3	91.2751	91.3101	91.3451	0.0700	50.0000	50.0000
SY2	91.3451	91.4951	91.6451	0.3000	50.0000	50.0000
DRIFT_9	91.6451	92.0451	92.4451	0.8000	50.0000	50.0000
MB	92.4451	94.3276	96.2101	3.7650	145.7000	110.9000
DRIFT_8	96.2101	96.6101	97.0101	0.8000	50.0000	50.0000
SY2	97.0101	97.1601	97.3101	0.3000	50.0000	50.0000
PS2.VK82	97.3101	97.4101	97.5101	0.2000	50.0000	50.0000
PS2.QH4F	97.5101	98.2101	98.9101	1.4000	50.0000	50.0000
DRIFT_3	98.9101	98.9451	98.9801	0.0700	50.0000	50.0000
PS2.BPM82	98.9801	99.0101	99.0401	0.0600	50.0000	50.0000
DRIFT_13	99.0401	99.3751	99.7101	0.6700	69.0000	69.0000
SX1	99.7101	99.8601	100.0101	0.3000	69.0000	69.0000
PS2.HK52	100.0101	100.1101	100.2101	0.2000	69.0000	69.0000
PS2.QH3F	100.2101	101.4101	102.6101	2.4000	69.0000	69.0000
DRIFT_3	102.6101	102.6451	102.6801	0.0700	69.0000	69.0000
PS2.BPM52	102.6801	102.7101	102.7401	0.0600	69.0000	69.0000
DRIFT_14	102.7401	103.3251	103.9101	1.1700	69.0000	69.0000
MB	103.9101	105.7926	107.6751	3.7650	145.7000	110.9000
DRIFT_15	107.6751	108.0751	108.4751	0.8000	145.7000	110.9000
MB	108.4751	110.3576	112.2401	3.7650	145.7000	110.9000
DRIFT_6	112.2401	112.7901	113.3401	1.1000	58.0000	58.0000
PS2.VK22	113.3401	113.4401	113.5401	0.2000	58.0000	58.0000
PS2.QH2F	113.5401	114.0901	114.6401	1.1000	58.0000	58.0000
DRIFT_3	114.6401	114.6751	114.7101	0.0700	58.0000	58.0000
PS2.BPM22	114.7101	114.7401	114.7701	0.0600	58.0000	58.0000
DRIFT_12	114.7701	115.3551	115.9401	1.1700	58.0000	58.0000
MB	115.9401	117.8226	119.7051	3.7650	145.7000	110.9000
DRIFT_15	119.7051	120.1051	120.5051	0.8000	145.7000	110.9000
MB	120.5051	122.3876	124.2701	3.7650	145.7000	110.9000
DRIFT_6	124.2701	124.8201	125.3701	1.1000	58.0000	58.0000
PS2.HK2	125.3701	125.4701	125.5701	0.2000	58.0000	58.0000
PS2.QH1F	125.5701	126.1201	126.6701	1.1000	58.0000	58.0000
DRIFT_3	126.6701	126.7051	126.7401	0.0700	58.0000	58.0000
PS2.BPM2	126.7401	126.7701	126.8001	0.0600	58.0000	58.0000
DRIFT_12	126.8001	127.3851	127.9701	1.1700	58.0000	58.0000
MB	127.9701	129.8526	131.7351	3.7650	145.7000	110.9000
DRIFT_15	131.7351	132.1351	132.5351	0.8000	145.7000	110.9000
MB	132.5351	134.4176	136.3001	3.7650	145.7000	110.9000
DRIFT_6	136.3001	136.8501	137.4001	1.1000	58.0000	58.0000
PS2.VK23	137.4001	137.5001	137.6001	0.2000	58.0000	58.0000
PS2.QH2F	137.6001	138.1501	138.7001	1.1000	58.0000	58.0000
DRIFT_3	138.7001	138.7351	138.7701	0.0700	58.0000	58.0000
PS2.BPM23	138.7701	138.8001	138.8301	0.0600	58.0000	58.0000
DRIFT_12	138.8301	139.4151	140.0001	1.1700	58.0000	58.0000
MB	140.0001	141.8826	143.7651	3.7650	145.7000	110.9000
DRIFT_15	143.7651	144.1651	144.5651	0.8000	145.7000	110.9000
MB	144.5651	146.4476	148.3301	3.7650	145.7000	110.9000
DRIFT_6	148.3301	148.8801	149.4301	1.1000	69.0000	69.0000
PS2.HK53	149.4301	149.5301	149.6301	0.2000	69.0000	69.0000
PS2.QH3F	149.6301	150.8301	152.0301	2.4000	69.0000	69.0000
DRIFT_3	152.0301	152.0651	152.1001	0.0700	69.0000	69.0000
PS2.BPM53	152.1001	152.1301	152.1601	0.0600	69.0000	69.0000
DRIFT_3	152.1601	152.1951	152.2301	0.0700	69.0000	69.0000
SX1	152.2301	152.3801	152.5301	0.3000	69.0000	69.0000
DRIFT_7	152.5301	152.8301	153.1301	0.6000	69.0000	69.0000
PS2.VK83	153.1301	153.2301	153.3301	0.2000	50.0000	50.0000
PS2.QH4F	153.3301	154.0301	154.7301	1.4000	50.0000	50.0000
DRIFT_3	154.7301	154.7651	154.8001	0.0700	50.0000	50.0000
PS2.BPM83	154.8001	154.8301	154.8601	0.0600	50.0000	50.0000
DRIFT_3	154.8601	154.8951	154.9301	0.0700	50.0000	50.0000
SY2	154.9301	155.0801	155.2301	0.3000	50.0000	50.0000
DRIFT_9	155.2301	155.6301	156.0301	0.8000	50.0000	50.0000
MB	156.0301	157.9126	159.7951	3.7650	145.7000	110.9000
DRIFT_9	159.7951	160.1951	160.5951	0.8000	50.0000	50.0000
SY2	160.5951	160.7451	160.8951	0.3000	50.0000	50.0000
PS2.VK84	160.8951	160.9951	161.0951	0.2000	50.0000	50.0000
PS2.QH4F	161.0951	161.7951	162.4951	1.4000	50.0000	50.0000
DRIFT_3	162.4951	162.5301	162.5651	0.0700	50.0000	50.0000
PS2.BPM84	162.5651	162.5951	162.6251	0.0600	50.0000	50.0000
DRIFT_10	162.6251	162.9601	163.2951	0.6700	69.0000	69.0000
SX1	163.2951	163.4451	163.5951	0.3000	69.0000	69.0000
PS2.HK54	163.5951	163.6951	163.7951	0.2000	69.0000	69.0000
PS2.QH3F	163.7951	164.9951	166.1951	2.4000	69.0000	69.0000
DRIFT_3	166.1951	166.2301	166.2651	0.0700	69.0000	69.0000
PS2.BPM54	166.2651	166.2951	166.3251	0.0600	69.0000	69.0000
DRIFT_12	166.3251	166.9101	167.4951	1.1700	69.0000	69.0000
MB	167.4951	169.3776	171.2601	3.7650	145.7000	110.9000
DRIFT_16	171.2601	171.6601	172.0601	0.8000	145.7000	110.9000
MB	172.0601	173.9427	175.8252	3.7650	145.7000	110.9000
DRIFT_6	175.8252	176.3752	176.9252	1.1000	58.0000	58.0000
PS2.VK24	176.9252	177.0252	177.1252	0.2000	58.0000	58.0000
PS2.QH2F	177.1252	177.6752	178.2252	1.1000	58.0000	58.0000
DRIFT_3	178.2252	178.2602	178.2952	0.0700	58.0000	58.0000
PS2.BPM24	178.2952	178.3252	178.3552	0.0600	58.0000	58.0000
DRIFT_12	178.3552	178.9402	179.5252	1.1700	58.0000	58.0000
MB	179.5252	181.4077	183.2902	3.7650	145.7000	110.9000
DRIFT_15	183.2902	183.6902	184.0902	0.8000	145.7000	110.9000
MB	184.0902	185.9727	187.8552	3.7650	145.7000	110.9000
DRIFT_6	187.8552	188.4052	188.9552	1.1000	58.0000	58.0000
PS2.HK3	188.9552	189.0552	189.1552	0.2000	58.0000	58.0000
PS2.QH1F	189.1552	189.7052	190.2552	1.1000	58.0000	58.0000
DRIFT_3	190.2552	190.2902	190.3252	0.0700	58.0000	58.0000
PS2.BPM3	190.3252	190.3552	190.3852	0.0600	58.0000	58.0000
DRIFT_12	190.3852	190.9702	191.5552	1.1700	58.0000	58.0000
MB	191.5552	193.4377	195.3202	3.7650	145.7000	110.9000
DRIFT_15	195.3202	195.7202	196.1202	0.8000	145.7000	110.9000
MB	196.1202	198.0027	199.8852	3.7650	145.7000	110.9000
DRIFT_6	199.8852	200.4352	200.9852	1.1000	58.0000	58.0000
PS2.VK25	200.9852	201.0852	201.1852	0.2000	58.0000	58.0000
PS2.QH2F	201.1852	201.7352	202.2852	1.1000	58.0000	58.0000
DRIFT_3	202.2852	202.3202	202.3552	0.0700	58.0000	58.0000
PS2.BPM25	202.3552	202.3852	202.4152	0.0600	58.0000	58.0000
DRIFT_12	202.4152	203.0002	203.5852	1.1700	58.0000	58.0000
MB	203.5852	205.4677	207.3502	3.7650	145.7000	110.9000
DRIFT_15	207.3502	207.7502	208.1502	0.8000	145.7000	110.9000
MB	208.1502	210.0327	211.9152	3.7650	145.7000	110.9000
DRIFT_6	211.9152	212.4652	213.0152	1.1000	69.0000	69.0000
PS2.HK55	213.0152	213.1152	213.2152	0.2000	69.0000	69.0000
PS2.QH3F	213.2152	214.4152	215.6152	2.4000	69.0000	69.0000
DRIFT_3	215.6152	215.6502	215.6852	0.0700	69.0000	69.0000
PS2.BPM55	215.6852	215.7152	215.7452	0.0600	69.0000	69.0000
DRIFT_3	215.7452	215.7802	215.8152	0.0700	69.0000	69.0000
SX1	215.8152	215.9652	216.1152	0.3000	69.0000	69.0000
DRIFT_7	216.1152	216.4152	216.7152	0.6000	69.0000	69.0000
PS2.VK85	216.7152	216.8152	216.9152	0.2000	50.0000	50.0000
PS2.QH4F	216.9152	217.6152	218.3152	1.4000	50.0000	50.0000
DRIFT_3	218.3152	218.3502	218.3852	0.0700	50.0000	50.0000
PS2.BPM85	218.3852	218.4152	218.4452	0.0600	50.0000	50.0000
DRIFT_3	218.4452	218.4802	218.5152	0.0700	50.0000	50.0000
SY2	218.5152	218.6652	218.8152	0.3000	50.0000	50.0000
DRIFT_9	218.8152	219.2152	219.6152	0.8000	50.0000	50.0000
MB	219.6152	221.4977	223.3802	3.7650	145.7000	110.9000
DRIFT_9	223.3802	223.7802	224.1802	0.8000	50.0000	50.0000
SY2	224.1802	224.3302	224.4802	0.3000	50.0000	50.0000
PS2.VK86	224.4802	224.5802	224.6802	0.2000	50.0000	50.0000
PS2.QH4F	224.6802	225.3802	226.0802	1.4000	50.0000	50.0000
DRIFT_3	226.0802	226.1152	226.1502	0.0700	50.0000	50.0000
PS2.BPM86	226.1502	226.1802	226.2102	0.0600	50.0000	50.0000
DRIFT_10	226.2102	226.5452	226.8802	0.6700	69.0000	69.0000
SX1	226.8802	227.0302	227.1802	0.3000	69.0000	69.0000
PS2.HK56	227.1802	227.2802	227.3802	0.2000	69.0000	69.0000
PS2.QH3F	227.3802	228.5802	229.7802	2.4000	69.0000	69.0000
DRIFT_3	229.7802	229.8152	229.8502	0.0700	69.0000	69.0000
PS2.BPM56	229.8502	229.8802	229.9102	0.0600	69.0000	69.0000
DRIFT_12	229.9102	230.4952	231.0802	1.1700	69.0000	69.0000
MB	231.0802	232.9627	234.8452	3.7650	145.7000	110.9000
DRIFT_16	234.8452	235.2452	235.6452	0.8000	145.7000	110.9000
MB	235.6452	237.5277	239.4102	3.7650	145.7000	110.9000
DRIFT_6	239.4102	239.9602	240.5102	1.1000	58.0000	58.0000
PS2.VK26	240.5102	240.6102	240.7102	0.2000	58.0000	58.0000
PS2.QH2F	240.7102	241.2602	241.8102	1.1000	58.0000	58.0000
DRIFT_3	241.8102	241.8452	241.8802	0.0700	58.0000	58.0000
PS2.BPM26	241.8802	241.9102	241.9402	0.0600	58.0000	58.0000
DRIFT_12	241.9402	242.5252	243.1102	1.1700	58.0000	58.0000
MB	243.1102	244.9927	246.8752	3.7650	145.7000	110.9000
DRIFT_15	246.8752	247.2752	247.6752	0.8000	145.7000	110.9000
MB	247.6752	249.5577	251.4402	3.7650	145.7000	110.9000
DRIFT_6	251.4402	251.9902	252.5402	1.1000	58.0000	58.0000
PS2.HK4	252.5402	252.6402	252.7402	0.2000	58.0000	58.0000
PS2.QH1F	252.7402	253.2902	253.8402	1.1000	58.0000	58.0000
DRIFT_3	253.8402	253.8752	253.9102	0.0700	58.0000	58.0000
PS2.BPM4	253.9102	253.9402	253.9702	0.0600	58.0000	58.0000
DRIFT_12	253.9702	254.5552	255.1402	1.1700	58.0000	58.0000
MB	255.1402	257.0227	258.9052	3.7650	145.7000	110.9000
DRIFT_15	258.9052	259.3052	259.7052	0.8000	145.7000	110.9000
MB	259.7052	261.5877	263.4702	3.7650	145.7000	110.9000
DRIFT_6	263.4702	264.0202	264.5702	1.1000	58.0000	58.0000
PS2.VK27	264.5702	264.6702	264.7702	0.2000	58.0000	58.0000
PS2.QH2F	264.7702	265.3202	265.8702	1.1000	58.0000	58.0000
DRIFT_3	265.8702	265.9052	265.9402	0.0700	58.0000	58.0000
PS2.BPM27	265.9402	265.9702	266.0002	0.0600	58.0000	58.0000
DRIFT_12	266.0002	266.5852	267.1702	1.1700	58.0000	58.0000
MB	267.1702	269.0527	270.9352	3.7650	145.7000	110.9000
DRIFT_15	270.9352	271.3352	271.7352	0.8000	145.7000	110.9000
MB	271.7352	273.6177	275.5002	3.7650	145.7000	110.9000
DRIFT_6	275.5002	276.0502	276.6002	1.1000	69.0000	69.0000
PS2.HK57	276.6002	276.7002	276.8002	0.2000	69.0000	69.0000
PS2.QH3F	276.8002	278.0002	279.2002	2.4000	69.0000	69.0000
DRIFT_3	279.2002	279.2352	279.2702	0.0700	69.0000	69.0000
PS2.BPM57	279.2702	279.3002	279.3302	0.0600	69.0000	69.0000
DRIFT_3	279.3302	279.3652	279.4002	0.0700	69.0000	69.0000
SX1	279.4002	279.5502	279.7002	0.3000	69.0000	69.0000
DRIFT_7	279.7002	280.0002	280.3002	0.6000	69.0000	69.0000
PS2.VK87	280.3002	280.4002	280.5002	0.2000	50.0000	50.0000
PS2.QH4F	280.5002	281.2002	281.9002	1.4000	50.0000	50.0000
DRIFT_3	281.9002	281.9352	281.9702	0.0700	50.0000	50.0000
PS2.BPM87	281.9702	282.0002	282.0302	0.0600	50.0000	50.0000
DRIFT_3	282.0302	282.0652	282.1002	0.0700	50.0000	50.0000
SY2	282.1002	282.2502	282.4002	0.3000	50.0000	50.0000
DRIFT_9	282.4002	282.8002	283.2002	0.8000	50.0000	50.0000
MB	283.2002	285.0828	286.9653	3.7650	145.7000	110.9000
DRIFT_9	286.9653	287.3653	287.7653	0.8000	50.0000	50.0000
SY2	287.7653	287.9153	288.0653	0.3000	50.0000	50.0000
PS2.VK88	288.0653	288.1653	288.2653	0.2000	50.0000	50.0000
PS2.QH4F	288.2653	288.9653	289.6653	1.4000	50.0000	50.0000
DRIFT_3	289.6653	289.7003	289.7353	0.0700	50.0000	50.0000
PS2.BPM88	289.7353	289.7653	289.7953	0.0600	50.0000	50.0000
DRIFT_10	289.7953	290.1303	290.4653	0.6700	69.0000	69.0000
SX1	290.4653	290.6153	290.7653	0.3000	69.0000	69.0000
PS2.HK58	290.7653	290.8653	290.9653	0.2000	69.0000	69.0000
PS2.QH3F	290.9653	292.1653	293.3653	2.4000	69.0000	69.0000
DRIFT_3	293.3653	293.4003	293.4353	0.0700	69.0000	69.0000
PS2.BPM58	293.4353	293.4653	293.4953	0.0600	69.0000	69.0000
DRIFT_12	293.4953	294.0803	294.6653	1.1700	69.0000	69.0000
MB	294.6653	296.5478	298.4303	3.7650	145.7000	110.9000
DRIFT_16	298.4303	298.8303	299.2303	0.8000	145.7000	110.9000
MB	299.2303	301.1128	302.9953	3.7650	145.7000	110.9000
DRIFT_6	302.9953	303.5453	304.0953	1.1000	58.0000	58.0000
PS2.VK28	304.0953	304.1953	304.2953	0.2000	58.0000	58.0000
PS2.QH2F	304.2953	304.8453	305.3953	1.1000	58.0000	58.0000
DRIFT_3	305.3953	305.4303	305.4653	0.0700	58.0000	58.0000
PS2.BPM28	305.4653	305.4953	305.5253	0.0600	58.0000	58.0000
DRIFT_12	305.5253	306.1103	306.6953	1.1700	58.0000	58.0000
MB	306.6953	308.5778	310.4603	3.7650	145.7000	110.9000
DRIFT_15	310.4603	310.8603	311.2603	0.8000	145.7000	110.9000
MB	311.2603	313.1428	315.0253	3.7650	145.7000	110.9000
DRIFT_6	315.0253	315.5753	316.1253	1.1000	58.0000	58.0000
PS2.HK5	316.1253	316.2253	316.3253	0.2000	58.0000	58.0000
PS2.QH1F	316.3253	316.8753	317.4253	1.1000	58.0000	58.0000
DRIFT_3	317.4253	317.4603	317.4953	0.0700	58.0000	58.0000
PS2.BPM5	317.4953	317.5253	317.5553	0.0600	58.0000	58.0000
DRIFT_17	317.5553	317.6903	317.8253	0.2700	58.0000	58.0000
PS2.VK115	317.8253	317.9253	318.0253	0.2000	58.0000	58.0000
PS2.MQDS2F	318.0253	319.0253	320.0253	2.0000	61.0000	61.0000
DRIFT_3	320.0253	320.0603	320.0953	0.0700	61.0000	61.0000
PS2.BPM115	320.0953	320.1253	320.1553	0.0600	61.0000	61.0000
DRIFT_18	320.1553	328.4903	336.8253	16.6700	61.0000	61.0000
PS2.VK109	336.8253	336.9253	337.0253	0.2000	61.0000	61.0000
PS2.MQDS1F	337.0253	338.0253	339.0253	2.0000	61.0000	61.0000
DRIFT_3	339.0253	339.0603	339.0953	0.0700	61.0000	61.0000
PS2.BPM109	339.0953	339.1253	339.1553	0.0600	61.0000	61.0000
DRIFT_17	339.1553	339.2903	339.4253	0.2700	61.0000	61.0000
PS2.HK121	339.4253	339.5253	339.6253	0.2000	61.0000	61.0000
PS2.MQFS1F	339.6253	340.6253	341.6253	2.0000	61.0000	61.0000
DRIFT_3	341.6253	341.6603	341.6953	0.0700	61.0000	61.0000
PS2.BPM121	341.6953	341.7253	341.7553	0.0600	61.0000	61.0000
DRIFT_19	341.7553	347.6903	353.6253	11.8700	61.0000	61.0000
FOIL	353.6253	353.6253	353.6253	0.0000	61.0000	61.0000
DRIFT_20	353.6253	359.5253	365.4253	11.8000	61.0000	61.0000
PS2.HK122	365.4253	365.5253	365.6253	0.2000	61.0000	61.0000
PS2.MQFS1F	365.6253	366.6253	367.6253	2.0000	61.0000	61.0000
DRIFT_3	367.6253	367.6603	367.6953	0.0700	61.0000	61.0000
PS2.BPM122	367.6953	367.7253	367.7553	0.0600	61.0000	61.0000
DRIFT_17	367.7553	367.8903	368.0253	0.2700	61.0000	61.0000
PS2.VK110	368.0253	368.1253	368.2253	0.2000	61.0000	61.0000
PS2.MQDS1F	368.2253	369.2253	370.2253	2.0000	61.0000	61.0000
DRIFT_3	370.2253	370.2603	370.2953	0.0700	61.0000	61.0000
PS2.BPM110	370.2953	370.3253	370.3553	0.0600	61.0000	61.0000
DRIFT_18	370.3553	378.6903	387.0253	16.6700	61.0000	61.0000
PS2.VK116	387.0253	387.1253	387.2253	0.2000	61.0000	61.0000
PS2.MQDS2F	387.2253	388.2253	389.2253	2.0000	61.0000	61.0000
DRIFT_3	389.2253	389.2603	389.2953	0.0700	61.0000	61.0000
PS2.BPM116	389.2953	389.3253	389.3553	0.0600	58.0000	58.0000
DRIFT_17	389.3553	389.4903	389.6253	0.2700	58.0000	58.0000
PS2.HK6	389.6253	389.7253	389.8253	0.2000	58.0000	58.0000
PS2.QH1F	389.8253	390.3753	390.9253	1.1000	58.0000	58.0000
DRIFT_3	390.9253	390.9603	390.9953	0.0700	58.0000	58.0000
PS2.BPM6	390.9953	391.0253	391.0553	0.0600	58.0000	58.0000
DRIFT_12	391.0553	391.6403	392.2253	1.1700	58.0000	58.0000
MB	392.2253	394.1078	395.9903	3.7650	145.7000	110.9000
DRIFT_15	395.9903	396.3903	396.7903	0.8000	145.7000	110.9000
MB	396.7903	398.6728	400.5553	3.7650	145.7000	110.9000
DRIFT_6	400.5553	401.1053	401.6553	1.1000	58.0000	58.0000
PS2.VK29	401.6553	401.7553	401.8553	0.2000	58.0000	58.0000
PS2.QH2F	401.8553	402.4053	402.9553	1.1000	58.0000	58.0000
DRIFT_3	402.9553	402.9903	403.0253	0.0700	58.0000	58.0000
PS2.BPM29	403.0253	403.0553	403.0853	0.0600	58.0000	58.0000
DRIFT_12	403.0853	403.6703	404.2553	1.1700	58.0000	58.0000
MB	404.2553	406.1378	408.0203	3.7650	145.7000	110.9000
DRIFT_15	408.0203	408.4203	408.8203	0.8000	145.7000	110.9000
MB	408.8203	410.7028	412.5853	3.7650	145.7000	110.9000
DRIFT_6	412.5853	413.1353	413.6853	1.1000	69.0000	69.0000
PS2.HK59	413.6853	413.7853	413.8853	0.2000	69.0000	69.0000
PS2.QH3F	413.8853	415.0853	416.2853	2.4000	69.0000	69.0000
DRIFT_3	416.2853	416.3203	416.3553	0.0700	69.0000	69.0000
PS2.BPM59	416.3553	416.3853	416.4153	0.0600	69.0000	69.0000
DRIFT_3	416.4153	416.4503	416.4853	0.0700	69.0000	69.0000
SX1	416.4853	416.6353	416.7853	0.3000	69.0000	69.0000
DRIFT_7	416.7853	417.0853	417.3853	0.6000	69.0000	69.0000
PS2.VK89	417.3853	417.4853	417.5853	0.2000	50.0000	50.0000
PS2.QH4F	417.5853	418.2853	418.9853	1.4000	50.0000	50.0000
DRIFT_3	418.9853	419.0203	419.0553	0.0700	50.0000	50.0000
PS2.BPM89	419.0553	419.0853	419.1153	0.0600	50.0000	50.0000
DRIFT_3	419.1153	419.1503	419.1853	0.0700	50.0000	50.0000
SY2	419.1853	419.3353	419.4853	0.3000	50.0000	50.0000
DRIFT_9	419.4853	419.8853	420.2853	0.8000	50.0000	50.0000
MB	420.2853	422.1678	424.0503	3.7650	145.7000	110.9000
DRIFT_9	424.0503	424.4503	424.8503	0.8000	50.0000	50.0000
SY2	424.8503	425.0003	425.1503	0.3000	50.0000	50.0000
PS2.VK90	425.1503	425.2503	425.3503	0.2000	50.0000	50.0000
PS2.QH4F	425.3503	426.0503	426.7503	1.4000	50.0000	50.0000
DRIFT_3	426.7503	426.7853	426.8203	0.0700	50.0000	50.0000
PS2.BPM90	426.8203	426.8503	426.8803	0.0600	50.0000	50.0000
DRIFT_10	426.8803	427.2153	427.5503	0.6700	69.0000	69.0000
SX1	427.5503	427.7003	427.8503	0.3000	69.0000	69.0000
PS2.HK60	427.8503	427.9503	428.0503	0.2000	69.0000	69.0000
PS2.QH3F	428.0503	429.2503	430.4503	2.4000	69.0000	69.0000
DRIFT_3	430.4503	430.4853	430.5203	0.0700	69.0000	69.0000
PS2.BPM60	430.5203	430.5503	430.5803	0.0600	69.0000	69.0000
DRIFT_12	430.5803	431.1653	431.7503	1.1700	69.0000	69.0000
MB	431.7503	433.6328	435.5153	3.7650	145.7000	110.9000
DRIFT_15	435.5153	435.9153	436.3153	0.8000	145.7000	110.9000
MB	436.3153	438.1978	440.0803	3.7650	145.7000	110.9000
DRIFT_21	440.0803	440.6303	441.1803	1.1000	58.0000	58.0000
PS2.VK30	441.1803	441.2803	441.3803	0.2000	58.0000	58.0000
PS2.QH2F	441.3803	441.9303	442.4803	1.1000	58.0000	58.0000
DRIFT_3	442.4803	442.5153	442.5503	0.0700	58.0000	58.0000
PS2.BPM30	442.5503	442.5803	442.6103	0.0600	58.0000	58.0000
DRIFT_12	442.6103	443.1953	443.7803	1.1700	58.0000	58.0000
MB	443.7803	445.6628	447.5453	3.7650	145.7000	110.9000
DRIFT_15	447.5453	447.9453	448.3453	0.8000	145.7000	110.9000
MB	448.3453	450.2278	452.1103	3.7650	145.7000	110.9000
DRIFT_6	452.1103	452.6603	453.2103	1.1000	58.0000	58.0000
PS2.HK7	453.2103	453.3103	453.4103	0.2000	58.0000	58.0000
PS2.QH1F	453.4103	453.9603	454.5103	1.1000	58.0000	58.0000
DRIFT_3	454.5103	454.5453	454.5803	0.0700	58.0000	58.0000
PS2.BPM7	454.5803	454.6103	454.6403	0.0600	58.0000	58.0000
DRIFT_12	454.6403	455.2253	455.8103	1.1700	58.0000	58.0000
MB	455.8103	457.6928	459.5753	3.7650	145.7000	110.9000
DRIFT_15	459.5753	459.9753	460.3753	0.8000	145.7000	110.9000
MB	460.3753	462.2578	464.1403	3.7650	145.7000	110.9000
DRIFT_6	464.1403	464.6903	465.2403	1.1000	58.0000	58.0000
PS2.VK31	465.2403	465.3403	465.4403	0.2000	58.0000	58.0000
PS2.QH2F	465.4403	465.9903	466.5403	1.1000	58.0000	58.0000
DRIFT_3	466.5403	466.5753	466.6103	0.0700	58.0000	58.0000
PS2.BPM31	466.6103	466.6403	466.6703	0.0600	58.0000	58.0000
DRIFT_12	466.6703	467.2553	467.8403	1.1700	58.0000	58.0000
MB	467.8403	469.7229	471.6054	3.7650	145.7000	110.9000
DRIFT_15	471.6054	472.0054	472.4054	0.8000	145.7000	110.9000
MB	472.4054	474.2879	476.1704	3.7650	145.7000	110.9000
DRIFT_6	476.1704	476.7204	477.2704	1.1000	69.0000	69.0000
PS2.HK61	477.2704	477.3704	477.4704	0.2000	69.0000	69.0000
PS2.QH3F	477.4704	478.6704	479.8704	2.4000	69.0000	69.0000
DRIFT_3	479.8704	479.9054	479.9404	0.0700	69.0000	69.0000
PS2.BPM61	479.9404	479.9704	480.0004	0.0600	69.0000	69.0000
DRIFT_3	480.0004	480.0354	480.0704	0.0700	69.0000	69.0000
SX1	480.0704	480.2204	480.3704	0.3000	69.0000	69.0000
DRIFT_7	480.3704	480.6704	480.9704	0.6000	69.0000	69.0000
PS2.VK91	480.9704	481.0704	481.1704	0.2000	50.0000	50.0000
PS2.QH4F	481.1704	481.8704	482.5704	1.4000	50.0000	50.0000
DRIFT_3	482.5704	482.6054	482.6404	0.0700	50.0000	50.0000
PS2.BPM91	482.6404	482.6704	482.7004	0.0600	50.0000	50.0000
DRIFT_3	482.7004	482.7354	482.7704	0.0700	50.0000	50.0000
SY2	482.7704	482.9204	483.0704	0.3000	50.0000	50.0000
DRIFT_9	483.0704	483.4704	483.8704	0.8000	50.0000	50.0000
MB	483.8704	485.7529	487.6354	3.7650	145.7000	110.9000
DRIFT_9	487.6354	488.0354	488.4354	0.8000	50.0000	50.0000
SY2	488.4354	488.5854	488.7354	0.3000	50.0000	50.0000
PS2.VK92	488.7354	488.8354	488.9354	0.2000	50.0000	50.0000
PS2.QH4F	488.9354	489.6354	490.3354	1.4000	50.0000	50.0000
DRIFT_3	490.3354	490.3704	490.4054	0.0700	50.0000	50.0000
PS2.BPM92	490.4054	490.4354	490.4654	0.0600	50.0000	50.0000
DRIFT_10	490.4654	490.8004	491.1354	0.6700	69.0000	69.0000
SX1	491.1354	491.2854	491.4354	0.3000	69.0000	69.0000
PS2.HK62	491.4354	491.5354	491.6354	0.2000	69.0000	69.0000
PS2.QH3F	491.6354	492.8354	494.0354	2.4000	69.0000	69.0000
DRIFT_3	494.0354	494.0704	494.1054	0.0700	69.0000	69.0000
PS2.BPM62	494.1054	494.1354	494.1654	0.0600	69.0000	69.0000
DRIFT_12	494.1654	494.7504	495.3354	1.1700	69.0000	69.0000
MB	495.3354	497.2179	499.1004	3.7650	145.7000	110.9000
DRIFT_15	499.1004	499.5004	499.9004	0.8000	145.7000	110.9000
MB	499.9004	501.7829	503.6654	3.7650	145.7000	110.9000
DRIFT_6	503.6654	504.2154	504.7654	1.1000	58.0000	58.0000
PS2.VK32	504.7654	504.8654	504.9654	0.2000	58.0000	58.0000
PS2.QH2F	504.9654	505.5154	506.0654	1.1000	58.0000	58.0000
DRIFT_3	506.0654	506.1004	506.1354	0.0700	58.0000	58.0000
PS2.BPM32	506.1354	506.1654	506.1954	0.0600	58.0000	58.0000
DRIFT_14	506.1954	506.7804	507.3654	1.1700	58.0000	58.0000
MB	507.3654	509.2479	511.1304	3.7650	145.7000	110.9000
DRIFT_15	511.1304	511.5304	511.9304	0.8000	145.7000	110.9000
MB	511.9304	513.8129	515.6954	3.7650	145.7000	110.9000
DRIFT_6	515.6954	516.2454	516.7954	1.1000	58.0000	58.0000
PS2.HK8	516.7954	516.8954	516.9954	0.2000	58.0000	58.0000
PS2.QH1F	516.9954	517.5454	518.0954	1.1000	58.0000	58.0000
DRIFT_3	518.0954	518.1304	518.1654	0.0700	58.0000	58.0000
PS2.BPM8	518.1654	518.1954	518.2254	0.0600	58.0000	58.0000
DRIFT_12	518.2254	518.8104	519.3954	1.1700	58.0000	58.0000
MB	519.3954	521.2779	523.1604	3.7650	145.7000	110.9000
DRIFT_15	523.1604	523.5604	523.9604	0.8000	145.7000	110.9000
MB	523.9604	525.8429	527.7254	3.7650	145.7000	110.9000
DRIFT_6	527.7254	528.2754	528.8254	1.1000	58.0000	58.0000
PS2.VK33	528.8254	528.9254	529.0254	0.2000	58.0000	58.0000
PS2.QH2F	529.0254	529.5754	530.1254	1.1000	58.0000	58.0000
DRIFT_3	530.1254	530.1604	530.1954	0.0700	58.0000	58.0000
PS2.BPM33	530.1954	530.2254	530.2554	0.0600	58.0000	58.0000
DRIFT_12	530.2554	530.8404	531.4254	1.1700	58.0000	58.0000
MB	531.4254	533.3079	535.1904	3.7650	145.7000	110.9000
DRIFT_15	535.1904	535.5904	535.9904	0.8000	145.7000	110.9000
MB	535.9904	537.8729	539.7554	3.7650	145.7000	110.9000
DRIFT_6	539.7554	540.3054	540.8554	1.1000	69.0000	69.0000
PS2.HK63	540.8554	540.9554	541.0554	0.2000	69.0000	69.0000
PS2.QH3F	541.0554	542.2554	543.4554	2.4000	69.0000	69.0000
DRIFT_3	543.4554	543.4904	543.5254	0.0700	69.0000	69.0000
PS2.BPM63	543.5254	543.5554	543.5854	0.0600	69.0000	69.0000
DRIFT_3	543.5854	543.6204	543.6554	0.0700	69.0000	69.0000
SX1	543.6554	543.8054	543.9554	0.3000	69.0000	69.0000
DRIFT_7	543.9554	544.2554	544.5554	0.6000	69.0000	69.0000
PS2.VK93	544.5554	544.6554	544.7554	0.2000	50.0000	50.0000
PS2.QH4F	544.7554	545.4554	546.1554	1.4000	50.0000	50.0000
DRIFT_3	546.1554	546.1904	546.2254	0.0700	50.0000	50.0000
PS2.BPM93	546.2254	546.2554	546.2854	0.0600	50.0000	50.0000
DRIFT_3	546.2854	546.3204	546.3554	0.0700	50.0000	50.0000
SY2	546.3554	546.5054	546.6554	0.3000	50.0000	50.0000
DRIFT_9	546.6554	547.0554	547.4554	0.8000	50.0000	50.0000
MB	547.4554	549.3379	551.2204	3.7650	145.7000	110.9000
DRIFT_9	551.2204	551.6204	552.0204	0.8000	50.0000	50.0000
SY2	552.0204	552.1704	552.3204	0.3000	50.0000	50.0000
PS2.VK94	552.3204	552.4204	552.5204	0.2000	50.0000	50.0000
PS2.QH4F	552.5204	553.2204	553.9204	1.4000	50.0000	50.0000
DRIFT_3	553.9204	553.9554	553.9904	0.0700	50.0000	50.0000
PS2.BPM94	553.9904	554.0204	554.0504	0.0600	50.0000	50.0000
DRIFT_10	554.0504	554.3854	554.7204	0.6700	69.0000	69.0000
SX1	554.7204	554.8704	555.0204	0.3000	69.0000	69.0000
PS2.HK64	555.0204	555.1204	555.2204	0.2000	69.0000	69.0000
PS2.QH3F	555.2204	556.4204	557.6204	2.4000	69.0000	69.0000
DRIFT_3	557.6204	557.6554	557.6904	0.0700	69.0000	69.0000
PS2.BPM64	557.6904	557.7204	557.7504	0.0600	69.0000	69.0000
DRIFT_12	557.7504	558.3354	558.9204	1.1700	69.0000	69.0000
MB	558.9204	560.8029	562.6854	3.7650	145.7000	110.9000
DRIFT_15	562.6854	563.0854	563.4854	0.8000	145.7000	110.9000
MB	563.4854	565.3679	567.2504	3.7650	145.7000	110.9000
DRIFT_6	567.2504	567.8004	568.3504	1.1000	58.0000	58.0000
PS2.VK34	568.3504	568.4504	568.5504	0.2000	58.0000	58.0000
PS2.QH2F	568.5504	569.1004	569.6504	1.1000	58.0000	58.0000
DRIFT_3	569.6504	569.6854	569.7204	0.0700	58.0000	58.0000
PS2.BPM34	569.7204	569.7504	569.7804	0.0600	58.0000	58.0000
DRIFT_12	569.7804	570.3654	570.9504	1.1700	58.0000	58.0000
MB	570.9504	572.8329	574.7154	3.7650	145.7000	110.9000
DRIFT_16	574.7154	575.1154	575.5154	0.8000	145.7000	110.9000
MB	575.5154	577.3979	579.2804	3.7650	145.7000	110.9000
DRIFT_6	579.2804	579.8304	580.3804	1.1000	58.0000	58.0000
PS2.HK9	580.3804	580.4804	580.5804	0.2000	58.0000	58.0000
PS2.QH1F	580.5804	581.1304	581.6804	1.1000	58.0000	58.0000
DRIFT_3	581.6804	581.7154	581.7504	0.0700	58.0000	58.0000
PS2.BPM9	581.7504	581.7804	581.8104	0.0600	58.0000	58.0000
DRIFT_12	581.8104	582.3954	582.9804	1.1700	58.0000	58.0000
MB	582.9804	584.8630	586.7455	3.7650	145.7000	110.9000
DRIFT_15	586.7455	587.1455	587.5455	0.8000	145.7000	110.9000
MB	587.5455	589.4280	591.3105	3.7650	145.7000	110.9000
DRIFT_6	591.3105	591.8605	592.4105	1.1000	58.0000	58.0000
PS2.VK35	592.4105	592.5105	592.6105	0.2000	58.0000	58.0000
PS2.QH2F	592.6105	593.1605	593.7105	1.1000	58.0000	58.0000
DRIFT_3	593.7105	593.7455	593.7805	0.0700	58.0000	58.0000
PS2.BPM35	593.7805	593.8105	593.8405	0.0600	58.0000	58.0000
DRIFT_12	593.8405	594.4255	595.0105	1.1700	58.0000	58.0000
MB	595.0105	596.8930	598.7755	3.7650	145.7000	110.9000
DRIFT_15	598.7755	599.1755	599.5755	0.8000	145.7000	110.9000
MB	599.5755	601.4580	603.3405	3.7650	145.7000	110.9000
DRIFT_6	603.3405	603.8905	604.4405	1.1000	69.0000	69.0000
PS2.HK65	604.4405	604.5405	604.6405	0.2000	69.0000	69.0000
PS2.QH3F	604.6405	605.8405	607.0405	2.4000	69.0000	69.0000
DRIFT_3	607.0405	607.0755	607.1105	0.0700	69.0000	69.0000
PS2.BPM65	607.1105	607.1405	607.1705	0.0600	69.0000	69.0000
DRIFT_3	607.1705	607.2055	607.2405	0.0700	69.0000	69.0000
SX1	607.2405	607.3905	607.5405	0.3000	69.0000	69.0000
DRIFT_7	607.5405	607.8405	608.1405	0.6000	69.0000	69.0000
PS2.VK95	608.1405	608.2405	608.3405	0.2000	50.0000	50.0000
PS2.QH4F	608.3405	609.0405	609.7405	1.4000	50.0000	50.0000
DRIFT_3	609.7405	609.7755	609.8105	0.0700	50.0000	50.0000
PS2.BPM95	609.8105	609.8405	609.8705	0.0600	50.0000	50.0000
DRIFT_3	609.8705	609.9055	609.9405	0.0700	50.0000	50.0000
SY2	609.9405	610.0905	610.2405	0.3000	50.0000	50.0000
DRIFT_9	610.2405	610.6405	611.0405	0.8000	50.0000	50.0000
MB	611.0405	612.9230	614.8055	3.7650	145.7000	110.9000
DRIFT_9	614.8055	615.2055	615.6055	0.8000	50.0000	50.0000
SY2	615.6055	615.7555	615.9055	0.3000	50.0000	50.0000
PS2.VK96	615.9055	616.0055	616.1055	0.2000	50.0000	50.0000
PS2.QH4F	616.1055	616.8055	617.5055	1.4000	50.0000	50.0000
DRIFT_3	617.5055	617.5405	617.5755	0.0700	50.0000	50.0000
PS2.BPM96	617.5755	617.6055	617.6355	0.0600	50.0000	50.0000
DRIFT_10	617.6355	617.9705	618.3055	0.6700	69.0000	69.0000
SX1	618.3055	618.4555	618.6055	0.3000	69.0000	69.0000
PS2.HK66	618.6055	618.7055	618.8055	0.2000	69.0000	69.0000
PS2.QH3F	618.8055	620.0055	621.2055	2.4000	69.0000	69.0000
DRIFT_3	621.2055	621.2405	621.2755	0.0700	69.0000	69.0000
PS2.BPM66	621.2755	621.3055	621.3355	0.0600	69.0000	69.0000
DRIFT_12	621.3355	621.9205	622.5055	1.1700	69.0000	69.0000
MB	622.5055	624.3880	626.2705	3.7650	145.7000	110.9000
DRIFT_15	626.2705	626.6705	627.0705	0.8000	145.7000	110.9000
MB	627.0705	628.9530	630.8355	3.7650	145.7000	110.9000
DRIFT_6	630.8355	631.3855	631.9355	1.1000	58.0000	58.0000
PS2.VK36	631.9355	632.0355	632.1355	0.2000	58.0000	58.0000
PS2.QH2F	632.1355	632.6855	633.2355	1.1000	58.0000	58.0000
DRIFT_3	633.2355	633.2705	633.3055	0.0700	58.0000	58.0000
PS2.BPM36	633.3055	633.3355	633.3655	0.0600	58.0000	58.0000
DRIFT_12	633.3655	633.9505	634.5355	1.1700	58.0000	58.0000
MB	634.5355	636.4180	638.3005	3.7650	145.7000	110.9000
DRIFT_16	638.3005	638.7005	639.1005	0.8000	145.7000	110.9000
MB	639.1005	640.9830	642.8655	3.7650	145.7000	110.9000
DRIFT_6	642.8655	643.4155	643.9655	1.1000	58.0000	58.0000
PS2.HK10	643.9655	644.0655	644.1655	0.2000	58.0000	58.0000
PS2.QH1F	644.1655	644.7155	645.2655	1.1000	58.0000	58.0000
DRIFT_3	645.2655	645.3005	645.3355	0.0700	58.0000	58.0000
PS2.BPM10	645.3355	645.3655	645.3955	0.0600	58.0000	58.0000
DRIFT_12	645.3955	645.9805	646.5655	1.1700	58.0000	58.0000
MB	646.5655	648.4480	650.3305	3.7650	145.7000	110.9000
DRIFT_15	650.3305	650.7305	651.1305	0.8000	145.7000	110.9000
MB	651.1305	653.0130	654.8955	3.7650	145.7000	110.9000
DRIFT_6	654.8955	655.4455	655.9955	1.1000	58.0000	58.0000
PS2.VK37	655.9955	656.0955	656.1955	0.2000	58.0000	58.0000
PS2.QH2F	656.1955	656.7455	657.2955	1.1000	58.0000	58.0000
DRIFT_3	657.2955	657.3305	657.3655	0.0700	58.0000	58.0000
PS2.BPM37	657.3655	657.3955	657.4255	0.0600	58.0000	58.0000
DRIFT_12	657.4255	658.0105	658.5955	1.1700	58.0000	58.0000
MB	658.5955	660.4780	662.3605	3.7650	145.7000	110.9000
DRIFT_15	662.3605	662.7605	663.1605	0.8000	145.7000	110.9000
MB	663.1605	665.0430	666.9255	3.7650	145.7000	110.9000
DRIFT_6	666.9255	667.4755	668.0255	1.1000	69.0000	69.0000
PS2.HK67	668.0255	668.1255	668.2255	0.2000	69.0000	69.0000
PS2.QH3F	668.2255	669.4255	670.6255	2.4000	69.0000	69.0000
DRIFT_3	670.6255	670.6605	670.6955	0.0700	69.0000	69.0000
PS2.BPM67	670.6955	670.7255	670.7555	0.0600	69.0000	69.0000
DRIFT_3	670.7555	670.7905	670.8255	0.0700	69.0000	69.0000
SX1	670.8255	670.9755	671.1255	0.3000	69.0000	69.0000
DRIFT_7	671.1255	671.4255	671.7255	0.6000	69.0000	69.0000
PS2.VK97	671.7255	671.8255	671.9255	0.2000	50.0000	50.0000
PS2.QH4F	671.9255	672.6255	673.3255	1.4000	50.0000	50.0000
DRIFT_3	673.3255	673.3605	673.3955	0.0700	50.0000	50.0000
PS2.BPM97	673.3955	673.4255	673.4555	0.0600	50.0000	50.0000
DRIFT_3	673.4555	673.4905	673.5255	0.0700	50.0000	50.0000
SY2	673.5255	673.6755	673.8255	0.3000	50.0000	50.0000
DRIFT_9	673.8255	674.2255	674.6255	0.8000	50.0000	50.0000
MB	674.6255	676.5080	678.3905	3.7650	145.7000	110.9000
DRIFT_9	678.3905	678.7905	679.1905	0.8000	50.0000	50.0000
SY2	679.1905	679.3405	679.4905	0.3000	50.0000	50.0000
PS2.VK98	679.4905	679.5905	679.6905	0.2000	50.0000	50.0000
PS2.QH4F	679.6905	680.3905	681.0905	1.4000	50.0000	50.0000
DRIFT_3	681.0905	681.1255	681.1605	0.0700	50.0000	50.0000
PS2.BPM98	681.1605	681.1905	681.2205	0.0600	50.0000	50.0000
DRIFT_10	681.2205	681.5555	681.8905	0.6700	69.0000	69.0000
SX1	681.8905	682.0405	682.1905	0.3000	69.0000	69.0000
PS2.HK68	682.1905	682.2905	682.3905	0.2000	69.0000	69.0000
PS2.QH3F	682.3905	683.5905	684.7905	2.4000	69.0000	69.0000
DRIFT_3	684.7905	684.8255	684.8605	0.0700	69.0000	69.0000
PS2.BPM68	684.8605	684.8905	684.9205	0.0600	69.0000	69.0000
DRIFT_12	684.9205	685.5055	686.0905	1.1700	69.0000	69.0000
MB	686.0905	687.9730	689.8555	3.7650	145.7000	110.9000
DRIFT_15	689.8555	690.2555	690.6555	0.8000	145.7000	110.9000
MB	690.6555	692.5380	694.4205	3.7650	145.7000	110.9000
DRIFT_6	694.4205	694.9705	695.5205	1.1000	58.0000	58.0000
PS2.VK38	695.5205	695.6205	695.7205	0.2000	58.0000	58.0000
PS2.QH2F	695.7205	696.2705	696.8205	1.1000	58.0000	58.0000
DRIFT_3	696.8205	696.8555	696.8905	0.0700	58.0000	58.0000
PS2.BPM38	696.8905	696.9205	696.9505	0.0600	58.0000	58.0000
DRIFT_12	696.9505	697.5355	698.1205	1.1700	58.0000	58.0000
MB	698.1205	700.0030	701.8856	3.7650	145.7000	110.9000
DRIFT_15	701.8856	702.2856	702.6856	0.8000	145.7000	110.9000
MB	702.6856	704.5681	706.4506	3.7650	145.7000	110.9000
DRIFT_21	706.4506	707.0006	707.5506	1.1000	58.0000	58.0000
PS2.HK11	707.5506	707.6506	707.7506	0.2000	58.0000	58.0000
PS2.QH1F	707.7506	708.3006	708.8506	1.1000	58.0000	58.0000
DRIFT_3	708.8506	708.8856	708.9206	0.0700	58.0000	58.0000
PS2.BPM11	708.9206	708.9506	708.9806	0.0600	58.0000	58.0000
DRIFT_17	708.9806	709.1156	709.2506	0.2700	58.0000	58.0000
PS2.VK117	709.2506	709.3506	709.4506	0.2000	58.0000	58.0000
PS2.MQDS2F	709.4506	710.4506	711.4506	2.0000	61.0000	61.0000
DRIFT_3	711.4506	711.4856	711.5206	0.0700	61.0000	61.0000
PS2.BPM117	711.5206	711.5506	711.5806	0.0600	61.0000	61.0000
DRIFT_18	711.5806	719.9156	728.2506	16.6700	61.0000	61.0000
PS2.VK111	728.2506	728.3506	728.4506	0.2000	61.0000	61.0000
PS2.MQDS1F	728.4506	729.4506	730.4506	2.0000	61.0000	61.0000
DRIFT_3	730.4506	730.4856	730.5206	0.0700	61.0000	61.0000
PS2.BPM111	730.5206	730.5506	730.5806	0.0600	61.0000	61.0000
DRIFT_17	730.5806	730.7156	730.8506	0.2700	61.0000	61.0000
PS2.HK123	730.8506	730.9506	731.0506	0.2000	61.0000	61.0000
PS2.MQFS1F	731.0506	732.0506	733.0506	2.0000	61.0000	61.0000
DRIFT_3	733.0506	733.0856	733.1206	0.0700	61.0000	61.0000
PS2.BPM123	733.1206	733.1506	733.1806	0.0600	61.0000	61.0000
DRIFT_19	733.1806	739.1156	745.0506	11.8700	61.0000	61.0000
FOIL	745.0506	745.0506	745.0506	0.0000	61.0000	61.0000
DRIFT_20	745.0506	750.9506	756.8506	11.8000	61.0000	61.0000
PS2.HK124	756.8506	756.9506	757.0506	0.2000	61.0000	61.0000
PS2.MQFS1F	757.0506	758.0506	759.0506	2.0000	61.0000	61.0000
DRIFT_3	759.0506	759.0856	759.1206	0.0700	61.0000	61.0000
PS2.BPM124	759.1206	759.1506	759.1806	0.0600	61.0000	61.0000
DRIFT_17	759.1806	759.3156	759.4506	0.2700	61.0000	61.0000
PS2.VK112	759.4506	759.5506	759.6506	0.2000	61.0000	61.0000
PS2.MQDS1F	759.6506	760.6506	761.6506	2.0000	61.0000	61.0000
DRIFT_3	761.6506	761.6856	761.7206	0.0700	61.0000	61.0000
PS2.BPM112	761.7206	761.7506	761.7806	0.0600	61.0000	61.0000
DRIFT_18	761.7806	770.1156	778.4506	16.6700	61.0000	61.0000
PS2.VK118	778.4506	778.5506	778.6506	0.2000	61.0000	61.0000
PS2.MQDS2F	778.6506	779.6506	780.6506	2.0000	61.0000	61.0000
DRIFT_3	780.6506	780.6856	780.7206	0.0700	61.0000	61.0000
PS2.BPM118	780.7206	780.7506	780.7806	0.0600	58.0000	58.0000
DRIFT_17	780.7806	780.9156	781.0506	0.2700	58.0000	58.0000
PS2.HK12	781.0506	781.1506	781.2506	0.2000	58.0000	58.0000
PS2.QH1F	781.2506	781.8006	782.3506	1.1000	58.0000	58.0000
DRIFT_3	782.3506	782.3856	782.4206	0.0700	58.0000	58.0000
PS2.BPM12	782.4206	782.4506	782.4806	0.0600	58.0000	58.0000
DRIFT_12	782.4806	783.0656	783.6506	1.1700	58.0000	58.0000
MB	783.6506	785.5331	787.4156	3.7650	145.7000	110.9000
DRIFT_15	787.4156	787.8156	788.2156	0.8000	145.7000	110.9000
MB	788.2156	790.0981	791.9806	3.7650	145.7000	110.9000
DRIFT_6	791.9806	792.5306	793.0806	1.1000	58.0000	58.0000
PS2.VK39	793.0806	793.1806	793.2806	0.2000	58.0000	58.0000
PS2.QH2F	793.2806	793.8306	794.3806	1.1000	58.0000	58.0000
DRIFT_3	794.3806	794.4156	794.4506	0.0700	58.0000	58.0000
PS2.BPM39	794.4506	794.4806	794.5106	0.0600	58.0000	58.0000
DRIFT_12	794.5106	795.0956	795.6806	1.1700	58.0000	58.0000
MB	795.6806	797.5631	799.4456	3.7650	145.7000	110.9000
DRIFT_15	799.4456	799.8456	800.2456	0.8000	145.7000	110.9000
MB	800.2456	802.1281	804.0106	3.7650	145.7000	110.9000
DRIFT_6	804.0106	804.5606	805.1106	1.1000	69.0000	69.0000
PS2.HK69	805.1106	805.2106	805.3106	0.2000	69.0000	69.0000
PS2.QH3F	805.3106	806.5106	807.7106	2.4000	69.0000	69.0000
DRIFT_3	807.7106	807.7456	807.7806	0.0700	69.0000	69.0000
PS2.BPM69	807.7806	807.8106	807.8406	0.0600	69.0000	69.0000
DRIFT_3	807.8406	807.8756	807.9106	0.0700	69.0000	69.0000
SX1	807.9106	808.0606	808.2106	0.3000	69.0000	69.0000
DRIFT_7	808.2106	808.5106	808.8106	0.6000	69.0000	69.0000
PS2.VK99	808.8106	808.9106	809.0106	0.2000	50.0000	50.0000
PS2.QH4F	809.0106	809.7106	810.4106	1.4000	50.0000	50.0000
DRIFT_3	810.4106	810.4456	810.4806	0.0700	50.0000	50.0000
PS2.BPM99	810.4806	810.5106	810.5406	0.0600	50.0000	50.0000
DRIFT_3	810.5406	810.5756	810.6106	0.0700	50.0000	50.0000
SY2	810.6106	810.7606	810.9106	0.3000	50.0000	50.0000
DRIFT_9	810.9106	811.3106	811.7106	0.8000	50.0000	50.0000
MB	811.7106	813.5931	815.4756	3.7650	145.7000	110.9000
DRIFT_9	815.4756	815.8756	816.2756	0.8000	50.0000	50.0000
SY2	816.2756	816.4256	816.5756	0.3000	50.0000	50.0000
PS2.VK100	816.5756	816.6756	816.7756	0.2000	50.0000	50.0000
PS2.QH4F	816.7756	817.4756	818.1756	1.4000	50.0000	50.0000
DRIFT_3	818.1756	818.2106	818.2456	0.0700	50.0000	50.0000
PS2.BPM100	818.2456	818.2756	818.3056	0.0600	50.0000	50.0000
DRIFT_10	818.3056	818.6406	818.9756	0.6700	69.0000	69.0000
SX1	818.9756	819.1256	819.2756	0.3000	69.0000	69.0000
PS2.HK70	819.2756	819.3756	819.4756	0.2000	69.0000	69.0000
PS2.QH3F	819.4756	820.6756	821.8756	2.4000	69.0000	69.0000
DRIFT_3	821.8756	821.9106	821.9456	0.0700	69.0000	69.0000
PS2.BPM70	821.9456	821.9756	822.0056	0.0600	69.0000	69.0000
DRIFT_12	822.0056	822.5906	823.1756	1.1700	69.0000	69.0000
MB	823.1756	825.0581	826.9406	3.7650	145.7000	110.9000
DRIFT_15	826.9406	827.3406	827.7406	0.8000	145.7000	110.9000
MB	827.7406	829.6231	831.5056	3.7650	145.7000	110.9000
DRIFT_6	831.5056	832.0556	832.6056	1.1000	58.0000	58.0000
PS2.VK40	832.6056	832.7056	832.8056	0.2000	58.0000	58.0000
PS2.QH2F	832.8056	833.3556	833.9056	1.1000	58.0000	58.0000
DRIFT_3	833.9056	833.9406	833.9756	0.0700	58.0000	58.0000
PS2.BPM40	833.9756	834.0056	834.0356	0.0600	58.0000	58.0000
DRIFT_12	834.0356	834.6206	835.2056	1.1700	58.0000	58.0000
MB	835.2056	837.0881	838.9706	3.7650	145.7000	110.9000
DRIFT_15	838.9706	839.3706	839.7706	0.8000	145.7000	110.9000
MB	839.7706	841.6531	843.5356	3.7650	145.7000	110.9000
DRIFT_6	843.5356	844.0856	844.6356	1.1000	58.0000	58.0000
PS2.HK13	844.6356	844.7356	844.8356	0.2000	58.0000	58.0000
PS2.QH1F	844.8356	845.3856	845.9356	1.1000	58.0000	58.0000
DRIFT_3	845.9356	845.9706	846.0056	0.0700	58.0000	58.0000
PS2.BPM13	846.0056	846.0356	846.0656	0.0600	58.0000	58.0000
DRIFT_14	846.0656	846.6506	847.2356	1.1700	58.0000	58.0000
MB	847.2356	849.1181	851.0006	3.7650	145.7000	110.9000
DRIFT_15	851.0006	851.4006	851.8006	0.8000	145.7000	110.9000
MB	851.8006	853.6831	855.5656	3.7650	145.7000	110.9000
DRIFT_6	855.5656	856.1156	856.6656	1.1000	58.0000	58.0000
PS2.VK41	856.6656	856.7656	856.8656	0.2000	58.0000	58.0000
PS2.QH2F	856.8656	857.4156	857.9656	1.1000	58.0000	58.0000
DRIFT_3	857.9656	858.0006	858.0356	0.0700	58.0000	58.0000
PS2.BPM41	858.0356	858.0656	858.0956	0.0600	58.0000	58.0000
DRIFT_12	858.0956	858.6806	859.2656	1.1700	58.0000	58.0000
MB	859.2656	861.1481	863.0306	3.7650	145.7000	110.9000
DRIFT_15	863.0306	863.4306	863.8306	0.8000	145.7000	110.9000
MB	863.8306	865.7131	867.5956	3.7650	145.7000	110.9000
DRIFT_6	867.5956	868.1456	868.6956	1.1000	69.0000	69.0000
PS2.HK71	868.6956	868.7956	868.8956	0.2000	69.0000	69.0000
PS2.QH3F	868.8956	870.0956	871.2956	2.4000	69.0000	69.0000
DRIFT_3	871.2956	871.3306	871.3656	0.0700	69.0000	69.0000
PS2.BPM71	871.3656	871.3956	871.4256	0.0600	69.0000	69.0000
DRIFT_3	871.4256	871.4606	871.4956	0.0700	69.0000	69.0000
SX1	871.4956	871.6456	871.7956	0.3000	69.0000	69.0000
DRIFT_7	871.7956	872.0956	872.3956	0.6000	69.0000	69.0000
PS2.VK101	872.3956	872.4956	872.5956	0.2000	50.0000	50.0000
PS2.QH4F	872.5956	873.2956	873.9956	1.4000	50.0000	50.0000
DRIFT_3	873.9956	874.0306	874.0656	0.0700	50.0000	50.0000
PS2.BPM101	874.0656	874.0956	874.1256	0.0600	50.0000	50.0000
DRIFT_3	874.1256	874.1606	874.1956	0.0700	50.0000	50.0000
SY2	874.1956	874.3456	874.4956	0.3000	50.0000	50.0000
DRIFT_9	874.4956	874.8956	875.2956	0.8000	50.0000	50.0000
MB	875.2956	877.1781	879.0606	3.7650	145.7000	110.9000
DRIFT_9	879.0606	879.4606	879.8606	0.8000	50.0000	50.0000
SY2	879.8606	880.0106	880.1606	0.3000	50.0000	50.0000
PS2.VK102	880.1606	880.2606	880.3606	0.2000	50.0000	50.0000
PS2.QH4F	880.3606	881.0606	881.7606	1.4000	50.0000	50.0000
DRIFT_3	881.7606	881.7956	881.8306	0.0700	50.0000	50.0000
PS2.BPM102	881.8306	881.8606	881.8906	0.0600	50.0000	50.0000
DRIFT_10	881.8906	882.2256	882.5606	0.6700	69.0000	69.0000
SX1	882.5606	882.7106	882.8606	0.3000	69.0000	69.0000
PS2.HK72	882.8606	882.9606	883.0606	0.2000	69.0000	69.0000
PS2.QH3F	883.0606	884.2606	885.4606	2.4000	69.0000	69.0000
DRIFT_3	885.4606	885.4956	885.5306	0.0700	69.0000	69.0000
PS2.BPM72	885.5306	885.5606	885.5906	0.0600	69.0000	69.0000
DRIFT_12	885.5906	886.1756	886.7606	1.1700	69.0000	69.0000
MB	886.7606	888.6431	890.5257	3.7650	145.7000	110.9000
DRIFT_15	890.5257	890.9257	891.3257	0.8000	145.7000	110.9000
MB	891.3257	893.2082	895.0907	3.7650	145.7000	110.9000
DRIFT_6	895.0907	895.6407	896.1907	1.1000	58.0000	58.0000
PS2.VK42	896.1907	896.2907	896.3907	0.2000	58.0000	58.0000
PS2.QH2F	896.3907	896.9407	897.4907	1.1000	58.0000	58.0000
DRIFT_3	897.4907	897.5257	897.5607	0.0700	58.0000	58.0000
PS2.BPM42	897.5607	897.5907	897.6207	0.0600	58.0000	58.0000
DRIFT_12	897.6207	898.2057	898.7907	1.1700	58.0000	58.0000
MB	898.7907	900.6732	902.5557	3.7650	145.7000	110.9000
DRIFT_15	902.5557	902.9557	903.3557	0.8000	145.7000	110.9000
MB	903.3557	905.2382	907.1207	3.7650	145.7000	110.9000
DRIFT_6	907.1207	907.6707	908.2207	1.1000	58.0000	58.0000
PS2.HK14	908.2207	908.3207	908.4207	0.2000	58.0000	58.0000
PS2.QH1F	908.4207	908.9707	909.5207	1.1000	58.0000	58.0000
DRIFT_3	909.5207	909.5557	909.5907	0.0700	58.0000	58.0000
PS2.BPM14	909.5907	909.6207	909.6507	0.0600	58.0000	58.0000
DRIFT_12	909.6507	910.2357	910.8207	1.1700	58.0000	58.0000
MB	910.8207	912.7032	914.5857	3.7650	145.7000	110.9000
DRIFT_16	914.5857	914.9857	915.3857	0.8000	145.7000	110.9000
MB	915.3857	917.2682	919.1507	3.7650	145.7000	110.9000
DRIFT_6	919.1507	919.7007	920.2507	1.1000	58.0000	58.0000
PS2.VK43	920.2507	920.3507	920.4507	0.2000	58.0000	58.0000
PS2.QH2F	920.4507	921.0007	921.5507	1.1000	58.0000	58.0000
DRIFT_3	921.5507	921.5857	921.6207	0.0700	58.0000	58.0000
PS2.BPM43	921.6207	921.6507	921.6807	0.0600	58.0000	58.0000
DRIFT_12	921.6807	922.2657	922.8507	1.1700	58.0000	58.0000
MB	922.8507	924.7332	926.6157	3.7650	145.7000	110.9000
DRIFT_15	926.6157	927.0157	927.4157	0.8000	145.7000	110.9000
MB	927.4157	929.2982	931.1807	3.7650	145.7000	110.9000
DRIFT_6	931.1807	931.7307	932.2807	1.1000	69.0000	69.0000
PS2.HK73	932.2807	932.3807	932.4807	0.2000	69.0000	69.0000
PS2.QH3F	932.4807	933.6807	934.8807	2.4000	69.0000	69.0000
DRIFT_3	934.8807	934.9157	934.9507	0.0700	69.0000	69.0000
PS2.BPM73	934.9507	934.9807	935.0107	0.0600	69.0000	69.0000
DRIFT_3	935.0107	935.0457	935.0807	0.0700	69.0000	69.0000
SX1	935.0807	935.2307	935.3807	0.3000	69.0000	69.0000
DRIFT_7	935.3807	935.6807	935.9807	0.6000	69.0000	69.0000
PS2.VK103	935.9807	936.0807	936.1807	0.2000	50.0000	50.0000
PS2.QH4F	936.1807	936.8807	937.5807	1.4000	50.0000	50.0000
DRIFT_3	937.5807	937.6157	937.6507	0.0700	50.0000	50.0000
PS2.BPM103	937.6507	937.6807	937.7107	0.0600	50.0000	50.0000
DRIFT_3	937.7107	937.7457	937.7807	0.0700	50.0000	50.0000
SY2	937.7807	937.9307	938.0807	0.3000	50.0000	50.0000
DRIFT_9	938.0807	938.4807	938.8807	0.8000	50.0000	50.0000
MB	938.8807	940.7632	942.6457	3.7650	145.7000	110.9000
DRIFT_9	942.6457	943.0457	943.4457	0.8000	50.0000	50.0000
SY2	943.4457	943.5957	943.7457	0.3000	50.0000	50.0000
PS2.VK104	943.7457	943.8457	943.9457	0.2000	50.0000	50.0000
PS2.QH4F	943.9457	944.6457	945.3457	1.4000	50.0000	50.0000
DRIFT_3	945.3457	945.3807	945.4157	0.0700	50.0000	50.0000
PS2.BPM104	945.4157	945.4457	945.4757	0.0600	50.0000	50.0000
DRIFT_10	945.4757	945.8107	946.1457	0.6700	69.0000	69.0000
SX1	946.1457	946.2957	946.4457	0.3000	69.0000	69.0000
PS2.HK74	946.4457	946.5457	946.6457	0.2000	69.0000	69.0000
PS2.QH3F	946.6457	947.8457	949.0457	2.4000	69.0000	69.0000
DRIFT_3	949.0457	949.0807	949.1157	0.0700	69.0000	69.0000
PS2.BPM74	949.1157	949.1457	949.1757	0.0600	69.0000	69.0000
DRIFT_12	949.1757	949.7607	950.3457	1.1700	69.0000	69.0000
MB	950.3457	952.2282	954.1107	3.7650	145.7000	110.9000
DRIFT_15	954.1107	954.5107	954.9107	0.8000	145.7000	110.9000
MB	954.9107	956.7932	958.6757	3.7650	145.7000	110.9000
DRIFT_6	958.6757	959.2257	959.7757	1.1000	58.0000	58.0000
PS2.VK44	959.7757	959.8757	959.9757	0.2000	58.0000	58.0000
PS2.QH2F	959.9757	960.5257	961.0757	1.1000	58.0000	58.0000
DRIFT_3	961.0757	961.1107	961.1457	0.0700	58.0000	58.0000
PS2.BPM44	961.1457	961.1757	961.2057	0.0600	58.0000	58.0000
DRIFT_12	961.2057	961.7907	962.3757	1.1700	58.0000	58.0000
MB	962.3757	964.2582	966.1407	3.7650	145.7000	110.9000
DRIFT_15	966.1407	966.5407	966.9407	0.8000	145.7000	110.9000
MB	966.9407	968.8232	970.7057	3.7650	145.7000	110.9000
DRIFT_6	970.7057	971.2557	971.8057	1.1000	58.0000	58.0000
PS2.HK15	971.8057	971.9057	972.0057	0.2000	58.0000	58.0000
PS2.QH1F	972.0057	972.5557	973.1057	1.1000	58.0000	58.0000
DRIFT_3	973.1057	973.1407	973.1757	0.0700	58.0000	58.0000
PS2.BPM15	973.1757	973.2057	973.2357	0.0600	58.0000	58.0000
DRIFT_12	973.2357	973.8207	974.4057	1.1700	58.0000	58.0000
MB	974.4057	976.2882	978.1707	3.7650	145.7000	110.9000
DRIFT_16	978.1707	978.5707	978.9707	0.8000	145.7000	110.9000
MB	978.9707	980.8532	982.7357	3.7650	145.7000	110.9000
DRIFT_6	982.7357	983.2857	983.8357	1.1000	58.0000	58.0000
PS2.VK45	983.8357	983.9357	984.0357	0.2000	58.0000	58.0000
PS2.QH2F	984.0357	984.5857	985.1357	1.1000	58.0000	58.0000
DRIFT_3	985.1357	985.1707	985.2057	0.0700	58.0000	58.0000
PS2.BPM45	985.2057	985.2357	985.2657	0.0600	58.0000	58.0000
DRIFT_12	985.2657	985.8507	986.4357	1.1700	58.0000	58.0000
MB	986.4357	988.3182	990.2007	3.7650	145.7000	110.9000
DRIFT_15	990.2007	990.6007	991.0007	0.8000	145.7000	110.9000
MB	991.0007	992.8832	994.7658	3.7650	145.7000	110.9000
DRIFT_6	994.7658	995.3158	995.8658	1.1000	69.0000	69.0000
PS2.HK75	995.8658	995.9658	996.0658	0.2000	69.0000	69.0000
PS2.QH3F	996.0658	997.2658	998.4658	2.4000	69.0000	69.0000
DRIFT_3	998.4658	998.5008	998.5358	0.0700	69.0000	69.0000
PS2.BPM75	998.5358	998.5658	998.5958	0.0600	69.0000	69.0000
DRIFT_3	998.5958	998.6308	998.6658	0.0700	69.0000	69.0000
SX1	998.6658	998.8158	998.9658	0.3000	69.0000	69.0000
DRIFT_22	998.9658	999.2658	999.5658	0.6000	69.0000	69.0000
PS2.VK105	999.5658	999.6658	999.7658	0.2000	50.0000	50.0000
PS2.QH4F	999.7658	1000.4658	1001.1658	1.4000	50.0000	50.0000
DRIFT_3	1001.1658	1001.2008	1001.2358	0.0700	50.0000	50.0000
PS2.BPM105	1001.2358	1001.2658	1001.2958	0.0600	50.0000	50.0000
DRIFT_3	1001.2958	1001.3308	1001.3658	0.0700	50.0000	50.0000
SY2	1001.3658	1001.5158	1001.6658	0.3000	50.0000	50.0000
DRIFT_23	1001.6658	1002.0658	1002.4658	0.8000	50.0000	50.0000
MB	1002.4658	1004.3483	1006.2308	3.7650	145.7000	110.9000
DRIFT_24	1006.2308	1006.6308	1007.0308	0.8000	50.0000	50.0000
SY2	1007.0308	1007.1808	1007.3308	0.3000	50.0000	50.0000
PS2.VK106	1007.3308	1007.4308	1007.5308	0.2000	50.0000	50.0000
PS2.QH4F	1007.5308	1008.2308	1008.9308	1.4000	50.0000	50.0000
DRIFT_3	1008.9308	1008.9658	1009.0008	0.0700	50.0000	50.0000
PS2.BPM106	1009.0008	1009.0308	1009.0608	0.0600	50.0000	50.0000
DRIFT_10	1009.0608	1009.3958	1009.7308	0.6700	69.0000	69.0000
SX1	1009.7308	1009.8808	1010.0308	0.3000	69.0000	69.0000
PS2.HK76	1010.0308	1010.1308	1010.2308	0.2000	69.0000	69.0000
PS2.QH3F	1010.2308	1011.4308	1012.6308	2.4000	69.0000	69.0000
DRIFT_3	1012.6308	1012.6658	1012.7008	0.0700	69.0000	69.0000
PS2.BPM76	1012.7008	1012.7308	1012.7608	0.0600	69.0000	69.0000
DRIFT_25	1012.7608	1013.3458	1013.9308	1.1700	69.0000	69.0000
MB	1013.9308	1015.8133	1017.6958	3.7650	145.7000	110.9000
DRIFT_26	1017.6958	1018.0958	1018.4958	0.8000	145.7000	110.9000
MB	1018.4958	1020.3783	1022.2608	3.7650	145.7000	110.9000
DRIFT_27	1022.2608	1022.8108	1023.3608	1.1000	58.0000	58.0000
PS2.VK46	1023.3608	1023.4608	1023.5608	0.2000	58.0000	58.0000
PS2.QH2F	1023.5608	1024.1108	1024.6608	1.1000	58.0000	58.0000
DRIFT_3	1024.6608	1024.6958	1024.7308	0.0700	58.0000	58.0000
PS2.BPM46	1024.7308	1024.7608	1024.7908	0.0600	58.0000	58.0000
DRIFT_25	1024.7908	1025.3758	1025.9608	1.1700	58.0000	58.0000
MB	1025.9608	1027.8433	1029.7258	3.7650	145.7000	110.9000
DRIFT_26	1029.7258	1030.1258	1030.5258	0.8000	145.7000	110.9000
MB	1030.5258	1032.4083	1034.2908	3.7650	145.7000	110.9000
DRIFT_28	1034.2908	1034.8408	1035.3908	1.1000	58.0000	58.0000
PS2.HK16	1035.3908	1035.4908	1035.5908	0.2000	58.0000	58.0000
PS2.QH1F	1035.5908	1036.1408	1036.6908	1.1000	58.0000	58.0000
DRIFT_3	1036.6908	1036.7258	1036.7608	0.0700	58.0000	58.0000
PS2.BPM16	1036.7608	1036.7908	1036.8208	0.0600	58.0000	58.0000
DRIFT_25	1036.8208	1037.4058	1037.9908	1.1700	58.0000	58.0000
MB	1037.9908	1039.8733	1041.7558	3.7650	145.7000	110.9000
DRIFT_26	1041.7558	1042.1558	1042.5558	0.8000	145.7000	110.9000
MB	1042.5558	1044.4383	1046.3208	3.7650	145.7000	110.9000
DRIFT_27	1046.3208	1046.8708	1047.4208	1.1000	58.0000	58.0000
PS2.VK47	1047.4208	1047.5208	1047.6208	0.2000	58.0000	58.0000
PS2.QH2F	1047.6208	1048.1708	1048.7208	1.1000	58.0000	58.0000
DRIFT_3	1048.7208	1048.7558	1048.7908	0.0700	58.0000	58.0000
PS2.BPM47	1048.7908	1048.8208	1048.8508	0.0600	58.0000	58.0000
DRIFT_25	1048.8508	1049.4358	1050.0208	1.1700	58.0000	58.0000
MB	1050.0208	1051.9033	1053.7858	3.7650	145.7000	110.9000
DRIFT_26	1053.7858	1054.1858	1054.5858	0.8000	145.7000	110.9000
MB	1054.5858	1056.4683	1058.3508	3.7650	145.7000	110.9000
DRIFT_27	1058.3508	1058.9008	1059.4508	1.1000	69.0000	69.0000
PS2.HK77	1059.4508	1059.5508	1059.6508	0.2000	69.0000	69.0000
PS2.QH3F	1059.6508	1060.8508	1062.0508	2.4000	69.0000	69.0000
DRIFT_3	1062.0508	1062.0858	1062.1208	0.0700	69.0000	69.0000
PS2.BPM77	1062.1208	1062.1508	1062.1808	0.0600	69.0000	69.0000
DRIFT_3	1062.1808	1062.2158	1062.2508	0.0700	69.0000	69.0000
SX1	1062.2508	1062.4008	1062.5508	0.3000	69.0000	69.0000
DRIFT_7	1062.5508	1062.8508	1063.1508	0.6000	69.0000	69.0000
PS2.VK107	1063.1508	1063.2508	1063.3508	0.2000	50.0000	50.0000
PS2.QH4F	1063.3508	1064.0508	1064.7508	1.4000	50.0000	50.0000
DRIFT_3	1064.7508	1064.7858	1064.8208	0.0700	50.0000	50.0000
PS2.BPM107	1064.8208	1064.8508	1064.8808	0.0600	50.0000	50.0000
DRIFT_3	1064.8808	1064.9158	1064.9508	0.0700	50.0000	50.0000
SY2	1064.9508	1065.1008	1065.2508	0.3000	50.0000	50.0000
DRIFT_24	1065.2508	1065.6508	1066.0508	0.8000	50.0000	50.0000
MB	1066.0508	1067.9333	1069.8158	3.7650	145.7000	110.9000
DRIFT_23	1069.8158	1070.2158	1070.6158	0.8000	50.0000	50.0000
SY2	1070.6158	1070.7658	1070.9158	0.3000	50.0000	50.0000
PS2.VK108	1070.9158	1071.0158	1071.1158	0.2000	50.0000	50.0000
PS2.QH4F	1071.1158	1071.8158	1072.5158	1.4000	50.0000	50.0000
DRIFT_3	1072.5158	1072.5508	1072.5858	0.0700	50.0000	50.0000
PS2.BPM108	1072.5858	1072.6158	1072.6458	0.0600	50.0000	50.0000
DRIFT_10	1072.6458	1072.9808	1073.3158	0.6700	69.0000	69.0000
SX1	1073.3158	1073.4658	1073.6158	0.3000	69.0000	69.0000
PS2.HK78	1073.6158	1073.7158	1073.8158	0.2000	69.0000	69.0000
PS2.QH3F	1073.8158	1075.0158	1076.2158	2.4000	69.0000	69.0000
DRIFT_3	1076.2158	1076.2508	1076.2858	0.0700	69.0000	69.0000
PS2.BPM78	1076.2858	1076.3158	1076.3458	0.0600	69.0000	69.0000
DRIFT_25	1076.3458	1076.9308	1077.5158	1.1700	69.0000	69.0000
MB	1077.5158	1079.3983	1081.2808	3.7650	145.7000	110.9000
DRIFT_26	1081.2808	1081.6808	1082.0808	0.8000	145.7000	110.9000
MB	1082.0808	1083.9633	1085.8458	3.7650	145.7000	110.9000
DRIFT_27	1085.8458	1086.3958	1086.9458	1.1000	58.0000	58.0000
PS2.VK48	1086.9458	1087.0458	1087.1458	0.2000	58.0000	58.0000
PS2.QH2F	1087.1458	1087.6958	1088.2458	1.1000	58.0000	58.0000
DRIFT_3	1088.2458	1088.2808	1088.3158	0.0700	58.0000	58.0000
PS2.BPM48	1088.3158	1088.3458	1088.3758	0.0600	58.0000	58.0000
DRIFT_25	1088.3758	1088.9608	1089.5458	1.1700	58.0000	58.0000
MB	1089.5458	1091.4283	1093.3108	3.7650	145.7000	110.9000
DRIFT_26	1093.3108	1093.7108	1094.1108	0.8000	145.7000	110.9000
MB	1094.1108	1095.9933	1097.8758	3.7650	145.7000	110.9000
DRIFT_27	1097.8758	1098.4258	1098.9758	1.1000	58.0000	58.0000
PS2.HK17	1098.9758	1099.0758	1099.1758	0.2000	58.0000	58.0000
PS2.QH1F	1099.1758	1099.7258	1100.2758	1.1000	58.0000	58.0000
DRIFT_3	1100.2758	1100.3108	1100.3458	0.0700	58.0000	58.0000
PS2.BPM17	1100.3458	1100.3758	1100.4058	0.0600	58.0000	58.0000
DRIFT_17	1100.4058	1100.5408	1100.6758	0.2700	58.0000	58.0000
PS2.VK119	1100.6758	1100.7758	1100.8758	0.2000	58.0000	58.0000
PS2.MQDS2F	1100.8758	1101.8758	1102.8758	2.0000	61.0000	61.0000
DRIFT_3	1102.8758	1102.9108	1102.9458	0.0700	61.0000	61.0000
PS2.BPM119	1102.9458	1102.9758	1103.0058	0.0600	61.0000	61.0000
DRIFT_18	1103.0058	1111.3408	1119.6758	16.6700	61.0000	61.0000
PS2.VK113	1119.6758	1119.7758	1119.8758	0.2000	61.0000	61.0000
PS2.MQDS1F	1119.8758	1120.8758	1121.8758	2.0000	61.0000	61.0000
DRIFT_3	1121.8758	1121.9108	1121.9458	0.0700	61.0000	61.0000
PS2.BPM113	1121.9458	1121.9758	1122.0058	0.0600	61.0000	61.0000
DRIFT_17	1122.0058	1122.1408	1122.2758	0.2700	61.0000	61.0000
PS2.HK125	1122.2758	1122.3758	1122.4758	0.2000	61.0000	61.0000
PS2.MQFS1F	1122.4758	1123.4758	1124.4758	2.0000	61.0000	61.0000
DRIFT_3	1124.4758	1124.5108	1124.5458	0.0700	61.0000	61.0000
PS2.BPM125	1124.5458	1124.5758	1124.6058	0.0600	61.0000	61.0000
DRIFT_19	1124.6058	1130.5408	1136.4758	11.8700	61.0000	61.0000
FOIL	1136.4758	1136.4758	1136.4758	0.0000	61.0000	61.0000
DRIFT_20	1136.4758	1142.3758	1148.2758	11.8000	61.0000	61.0000
PS2.HK126	1148.2758	1148.3758	1148.4758	0.2000	61.0000	61.0000
PS2.MQFS1F	1148.4758	1149.4758	1150.4758	2.0000	61.0000	61.0000
DRIFT_3	1150.4758	1150.5108	1150.5458	0.0700	61.0000	61.0000
PS2.BPM126	1150.5458	1150.5758	1150.6058	0.0600	61.0000	61.0000
DRIFT_17	1150.6058	1150.7408	1150.8758	0.2700	61.0000	61.0000
PS2.VK114	1150.8758	1150.9758	1151.0758	0.2000	61.0000	61.0000
PS2.MQDS1F	1151.0758	1152.0758	1153.0758	2.0000	61.0000	61.0000
DRIFT_3	1153.0758	1153.1108	1153.1458	0.0700	61.0000	61.0000
PS2.BPM114	1153.1458	1153.1758	1153.2058	0.0600	61.0000	61.0000
DRIFT_18	1153.2058	1161.5408	1169.8758	16.6700	61.0000	61.0000
PS2.VK120	1169.8758	1169.9758	1170.0758	0.2000	61.0000	61.0000
PS2.MQDS2F	1170.0758	1171.0758	1172.0758	2.0000	61.0000	61.0000
DRIFT_3	1172.0758	1172.1108	1172.1458	0.0700	61.0000	61.0000
PS2.BPM120	1172.1458	1172.1758	1172.2058	0.0600	58.0000	58.0000
DRIFT_17	1172.2058	1172.3408	1172.4758	0.2700	58.0000	58.0000
PS2.HK18	1172.4758	1172.5758	1172.6758	0.2000	58.0000	58.0000
PS2.QH1F	1172.6758	1173.2258	1173.7758	1.1000	58.0000	58.0000
DRIFT_3	1173.7758	1173.8108	1173.8458	0.0700	58.0000	58.0000
PS2.BPM18	1173.8458	1173.8758	1173.9058	0.0600	58.0000	58.0000
DRIFT_29	1173.9058	1174.0908	1174.2758	0.3700	58.0000	58.0000
